KO_1G4_r1	KO_1G4_r2	KO_1G4_r3	KO_1G4_r4	KO_3G4_r1	KO_3G4_r2	KO_3G4_r3	KO_3G4_r4	LTED_r1	LTED_r2	LTED_r3	LTED_r4	WT_r1	WT_r2	WT_r3	C: Student's T-test Significant KO_3G4_LTED	C: Student's T-test significant	N: number	N: -Log Student's T-test p-value KO_3G4_LTED	N: Student's T-test q-value KO_3G4_LTED	N: Student's T-test Difference KO_3G4_LTED	N: Student's T-test Test statistic KO_3G4_LTED	T: ProteinGroup	T: Gene	T: Description
15,8218	14,5653	14,8945	14,5658	16,7189	15,9497	16,7137	16,2249	14,387	13,5611	14,2969	13,6878	13,6308	13,746	13,9219	+	KO_3G4_LTED	15	3,85234	0,000222222	2,41862	8,54941	A0A024RBG1	NUDT4B	Diphosphoinositol polyphosphate phosphohydrolase NUDT4B
16,2653	15,624	15,8567	11,6921	14,8762	15,3884	15,1963	14,7466	12,6676	12,9467	13,0228	13,0371	16,1787	16,3714	16,0524	+	KO_3G4_LTED	15	4,80479	0,000149533	2,13332	12,548	A0A087WWM1	MUC1	Mucin-1
17,5582	16,8456	16,9018	16,6863	17,5304	17,6426	17,6598	17,425	15,4238	15,1277	16,1225	15,3387	16,0742	16,225	16,3742	+	KO_3G4_LTED	15	4,04946	0,000167963	2,0613	9,26726	A0A0A0MS51;A0A0A0MT01;P06396	GSN	Gelsolin
15,9669	14,4337	14,7	14,2185	16,604	16,3349	16,1013	16,183	14,0908	14,0812	14,3979	13,9293	15,86	15,9564	14,8812	+	KO_3G4_LTED	15	5,21376	0	2,18099	14,7459	A0A0A0MSV9;A0A0G2JH37;A0A0G2JKZ1;A2AB90;O15533	TAPBP	Tapasin
12,0393	NaN	NaN	NaN	16,053	15,6514	15,633	15,608	12,584	12,527	12,7696	13,2103	NaN	NaN	NaN	+	KO_3G4_LTED	9	5,38985	0	2,96363	15,8008	A0A0C4DFS9	PLEKHS1	Pleckstrin homology domain-containing family S member 1
18,9768	17,2954	18,0285	17,1721	17,6449	17,9969	18,1225	17,8681	16,6195	15,4033	15,6904	15,5996	16,1617	16,8479	16,3464	+	KO_3G4_LTED	15	3,43832	0,000766284	2,0799	7,19574	A0A0C4DGB5	CAST	Calpastatin
14,5838	14,2007	14,3283	14,104	15,3354	15,29	15,4422	15,2886	13,4245	12,995	13,2558	13,0233	12,9922	12,9714	12,7481	+	KO_3G4_LTED	15	6,00094	0	2,16441	20,0552	A0A0X1KG75;A0A590PXD8;Q53SF7	COBLL1	Cordon-bleu protein-like 1 (Fragment);Cordon-bleu protein-like 1;Cordon-bleu protein-like 1
15,6565	15,2763	15,3925	15,2381	16,809	16,6176	16,6881	16,4671	14,8195	14,1074	14,6461	14,3896	17,188	17,2454	17,0783	+	KO_3G4_LTED	15	4,81669	0,000150943	2,15483	12,6073	A0A1P0AYU5;Q9BWM7	SFXN3	Sidoreflexin;Sideroflexin-3
13,9907	12,5213	12,7317	13,1758	14,2694	14,2949	14,5151	14,0717	11,9029	11,5921	11,3701	11,2756	10,6826	10,3669	10,0264	+	KO_3G4_LTED	15	5,50862	0	2,75263	16,5528	A0A3B3IRX8;E7EV01;O15484	CAPN5	Calpain-5 (Fragment);Calpain-5;Calpain-5
12,5481	12,8551	12,6231	12,7553	12,7908	12,5678	12,7212	12,7418	14,5227	14,9298	14,71	14,8901	12,2706	11,6063	11,5947	+	KO_3G4_LTED	15	5,94146	0	-2,05775	-19,5966	A4D161;B8ZZQ8	FAM221A	Protein FAM221A
14,5825	14,929	14,6738	14,6155	14,8849	15,0948	15,0059	14,7252	12,0382	11,9026	12,2608	12,173	15,5806	16,2063	15,6376	+	KO_3G4_LTED	15	6,59932	0	2,83404	25,2928	B1AK53	ESPN	Espin
12,6222	11,3017	11,627	12,2773	13,95	13,6102	13,5414	13,6154	9,74099	NaN	10,3046	10,8121	10,4966	NaN	11,0136	+	KO_3G4_LTED	13	4,16499	8,23328E-05	3,39336	12,0891	B8ZZ73;B8ZZW4;B9A040;C9J686;C9JQ36;C9JWB2;F8WF92;H7BZM5;P14778	IL1R1	Interleukin-1 receptor type 1;Interleukin-1 receptor type 1;Interleukin-1 receptor type 1;Interleukin-1 receptor type 1 (Fragment);Interleukin-1 receptor type 1 (Fragment);Interleukin-1 receptor type 1 (Fragment);Interleukin-1 receptor type 1;Interleukin-1 receptor type 1 (Fragment);Interleukin-1 receptor type 1
15,9032	15,4321	15,797	15,3636	15,9141	15,9137	16,1054	16,1336	12,7373	12,6611	13,4483	12,9562	12,2497	12,2088	12,5776	+	KO_3G4_LTED	15	5,48406	0	3,066	16,3945	D6RGG3;Q99715	COL12A1	Collagen alpha-1(XII) chain
NaN	NaN	NaN	NaN	10,9715	11,1987	11,7784	11,4355	14,011	13,3501	13,2522	13,5738	NaN	NaN	9,98579	+	KO_3G4_LTED	9	4,01051	0,000161677	-2,20076	-9,12136	E9PP99;Q969I3	GLYATL1	Glycine N-acyltransferase-like protein 1 (Fragment);Glycine N-acyltransferase-like protein 1
16,3165	16,3039	16,4118	15,4303	13,417	13,2097	12,6977	13,1174	15,1047	15,1546	15,074	15,258	14,5261	14,227	13,8099	+	KO_3G4_LTED	15	4,89845	0,000165517	-2,03738	-13,0221	H0Y2P0;H0YD13;P16070	CD44	CD44 antigen (Fragment);CD44 antigen;CD44 antigen
15,0207	14,7542	14,7168	14,6483	14,5713	14,6164	14,6381	14,4218	13,1195	11,557	12,522	10,5452	12,1258	12,3412	13,0591	+	KO_3G4_LTED	15	2,44904	0,00343204	2,626	4,63583	H3BTN6;Q9H6L2	TMEM231	Transmembrane protein 231
14,5942	13,5737	14,4795	13,2994	15,2621	15,3114	15,6934	14,9281	12,9073	12,7022	12,5877	12,5718	13,0443	13,2516	12,7998	+	KO_3G4_LTED	15	5,2431	0	2,60653	14,9168	H7C371	MLPH	Melanophilin (Fragment)
10,118	10,0309	9,5329	10,544	12,9218	12,7732	13,3488	12,3595	9,80934	10,4488	10,6332	10,542	NaN	NaN	NaN	+	KO_3G4_LTED	12	3,97919	0,000157434	2,4925	9,00553	J3QRG6;K7ENC6;K7ES20;P42771;P42772	CDKN2A;CDKN2A;CDKN2A;CDKN2A;CDKN2B	Cyclin-dependent kinase inhibitor 2A;Cyclin-dependent kinase inhibitor 2A;Cyclin-dependent kinase inhibitor 2A;Cyclin-dependent kinase inhibitor 2A;Cyclin-dependent kinase 4 inhibitor B
17,5516	16,7518	16,9283	16,8125	17,6604	17,7995	17,9281	17,7051	15,6825	15,5772	15,9423	15,7772	14,4706	14,3708	14,1372	+	KO_3G4_LTED	15	6,09539	0	2,02847	20,8049	O00194	RAB27B	Ras-related protein Rab-27B
14,7897	13,7216	13,7237	14,5174	15,5335	15,5747	15,713	15,592	13,0875	12,4745	12,6903	11,6315	10,0691	10,5441	11,0043	+	KO_3G4_LTED	15	4,2654	9,14286E-05	3,1323	10,1146	O00526	UPK2	Uroplakin-2
15,7125	13,358	14,1514	13,7562	15,9967	15,874	15,7233	15,7104	13,36	13,8078	13,7296	13,698	15,3597	15,3128	14,6859	+	KO_3G4_LTED	15	5,74233	0	2,17729	18,1344	O14933	UBE2L6	Ubiquitin/ISG15-conjugating enzyme E2 L6
15,312	16,3434	16,0819	16,5683	13,5197	13,9321	13,5093	13,7875	16,9809	17,0279	16,4386	16,7734	13,7588	13,5022	14,1718	+	KO_3G4_LTED	15	5,7759	0	-3,11805	-18,3732	O15075	DCLK1	Serine/threonine-protein kinase DCLK1
14,0533	14,8308	14,4567	13,9946	12,3997	11,794	11,3234	11,6194	15,2725	15,2667	14,5208	15,0173	17,164	17,7048	17,3031	+	KO_3G4_LTED	15	4,53052	0,000117359	-3,23516	-11,2503	O43570	CA12	Carbonic anhydrase 12
13,2804	13,0432	14,0686	12,0209	13,555	13,1334	13,3863	13,6963	9,43757	10,2573	11,3772	11,7458	6,97545	7,08781	7,47368	+	KO_3G4_LTED	15	2,63521	0,00225978	2,73827	5,05755	O60356	NUPR1	Nuclear protein 1
18,08	16,9104	17,202	16,5991	19,2827	19,5548	19,5016	19,0274	16,8805	15,7192	16,3532	16,3046	13,1932	13,343	13,0921	+	KO_3G4_LTED	15	4,55859	0,000119701	3,02721	11,3772	O75363	BCAS1	Breast carcinoma-amplified sequence 1
12,7309	12,9864	12,8932	12,1783	13,0712	11,9925	11,6296	13,0977	14,5329	14,5178	14,4233	14,4173	13,4358	14,2714	13,717	+	KO_3G4_LTED	15	2,7714	0,0017943	-2,02507	-5,3818	O75419	CDC45	Cell division control protein 45 homolog
14,308	14,3902	14,2295	13,7463	14,6992	14,2381	14,1213	14,8555	16,8037	16,6176	16,7773	16,6129	14,5996	15,3582	14,9465	+	KO_3G4_LTED	15	4,7077	0,000137931	-2,22437	-12,0735	O75843	AP1G2	AP-1 complex subunit gamma-like 2
14,0514	14,3568	13,7905	14,7845	13,1213	13,4399	13,0419	12,8955	15,8771	15,7018	15,0891	15,7256	12,2266	12,0048	11,4897	+	KO_3G4_LTED	15	4,6614	0,000131148	-2,47376	-11,8531	O76070	SNCG	Gamma-synuclein
16,0789	15,3253	15,6865	15,7987	16,8836	17,1429	17,5021	17,0708	13,0404	13,2965	13,9214	13,1524	17,2478	17,7574	17,9254	+	KO_3G4_LTED	15	5,44157	0	3,7972	16,1241	O95833	CLIC3	Chloride intracellular channel protein 3
14,1458	13,8323	13,9813	13,8178	14,552	14,4147	14,275	14,3679	12,3337	11,8261	12,7228	12,5943	10,4561	10,1582	11,3114	+	KO_3G4_LTED	15	4,19819	8,49558E-05	2,03318	9,84369	P0C870	JMJD7	Bifunctional peptidase and (3S)-lysyl hydroxylase JMJD7
15,6871	16,2849	16,2652	16,2468	12,3375	12,8977	11,9239	12,7111	15,1085	14,9401	14,7508	14,9855	15,3671	15,9515	15,5395	+	KO_3G4_LTED	15	4,44645	0,000106904	-2,47869	-10,8782	P10415	BCL2	Apoptosis regulator Bcl-2
15,5477	14,6617	14,8318	13,9896	16,788	16,8037	16,8808	16,7533	15,0029	13,9886	14,8613	14,5861	16,0816	15,7514	15,6809	+	KO_3G4_LTED	15	4,16692	8,26162E-05	2,19675	9,71993	P17655	CAPN2	Calpain-2 catalytic subunit
18,7628	16,97	17,5123	16,4667	19,3311	19,4434	19,4087	19,4146	16,4972	16,323	17,4852	16,6541	15,2207	15,5283	15,5051	+	KO_3G4_LTED	15	4,30676	9,54274E-05	2,65958	10,2846	P21397	MAOA	Amine oxidase [flavin-containing] A
13,99	14,5277	14,0383	15,0462	14,8568	14,7741	14,6089	14,8155	13,846	12,3102	12,3007	12,4607	9,11833	10,6712	10,6006	+	KO_3G4_LTED	15	2,77192	0,00179653	2,03441	5,38306	P25106	ACKR3	Atypical chemokine receptor 3
16,721	16,7326	16,7293	16,543	17,4196	17,5548	17,372	17,3173	14,8638	14,8907	14,8963	14,8573	16,202	15,939	16,0087	+	KO_3G4_LTED	15	8,31988	0	2,53891	49,0973	P32321	DCTD	Deoxycytidylate deaminase
14,205	14,4372	14,103	14,0257	14,028	14,1815	13,8519	13,9	16,2052	16,1435	15,827	15,9441	14,7111	14,5343	14,4228	+	KO_3G4_LTED	15	5,69547	0	-2,03961	-17,806	P32456	GBP2	Guanylate-binding protein 2
16,3235	15,7313	15,9891	15,5662	17,4446	17,2656	17,2564	17,1694	14,3463	14,122	14,6675	14,5912	16,6216	16,7579	16,4077	+	KO_3G4_LTED	15	6,10277	0	2,85223	20,8647	P33121	ACSL1	Long-chain-fatty-acid--CoA ligase 1
16,0663	16,0369	16,0312	16,1678	17,4024	17,3937	17,4287	17,2955	14,3001	13,9916	14,0021	13,9303	16,0519	15,2825	15,5299	+	KO_3G4_LTED	15	7,64274	0	3,32403	37,8338	P40121	CAPG	Macrophage-capping protein
11,0572	12,0529	12,1255	9,83506	NaN	9,95467	11,2703	10,4495	12,8358	12,9281	12,8265	12,8061	13,0667	12,3931	13,2344	+	KO_3G4_LTED	14	3,06674	0,00134421	-2,29095	-7,10216	P41134	ID1	DNA-binding protein inhibitor ID-1
12,3057	10,9311	11,3671	NaN	11,1056	11,6988	11,5447	11,0695	8,34632	8,66774	9,96208	NaN	9,70403	NaN	9,16096	+	KO_3G4_LTED	12	2,46454	0,00328586	2,36262	5,21245	P43155	CRAT	Carnitine O-acetyltransferase
14,9318	15,0707	14,9843	15,227	17,0548	17,0974	17,4287	17,0677	13,8747	13,8996	13,9325	13,6081	14,5083	14,5802	14,7913	+	KO_3G4_LTED	15	6,92324	0	3,3334	28,6665	P50225	SULT1A1	Sulfotransferase 1A1
14,426	11,5458	12,8935	12,6582	14,274	13,7356	13,6834	14,1433	10,1048	NaN	12,1441	11,0657	11,0083	11,0157	NaN	+	KO_3G4_LTED	13	2,55292	0,00267376	2,85425	5,46174	Q03135	CAV1	Caveolin-1
8,54951	NaN	7,80455	NaN	13,0067	13,3035	12,6307	12,8982	10,6055	9,31279	11,153	10,5973	NaN	7,92312	NaN	+	KO_3G4_LTED	11	3,06644	0,00134222	2,54263	6,13478	Q04609;Q9HBA9	FOLH1;FOLH1B	Glutamate carboxypeptidase 2;Putative N-acetylated-alpha-linked acidic dipeptidase
17,461	15,197	16,1503	14,3928	17,847	17,5446	17,0681	17,2882	15,2729	14,878	15,1199	15,0661	18,5711	18,9267	17,8234	+	KO_3G4_LTED	15	4,81774	0,000151899	2,35278	12,6125	Q08380	LGALS3BP	Galectin-3-binding protein
14,4131	13,0007	12,9932	11,7272	14,5819	14,6886	14,6336	14,4158	12,5158	12,7641	12,576	11,8169	14,1582	14,045	13,6325	+	KO_3G4_LTED	15	4,24481	8,92193E-05	2,16174	10,0309	Q13287	NMI	N-myc-interactor
9,05462	NaN	11,0129	NaN	10,7794	NaN	11,1116	8,75648	13,0901	12,7487	13,0098	13,1837	14,009	14,1011	14,0941	+	KO_3G4_LTED	12	2,17915	0,00514237	-2,79224	-4,46336	Q13948	CUX1	Protein CASP
14,227	13,1562	13,3868	13,066	14,9842	14,9714	14,8625	14,4399	11,2448	12,2768	11,3826	11,0579	12,7834	13,3572	12,1733	+	KO_3G4_LTED	15	4,49985	0,000114014	3,32398	11,1132	Q14764	MVP	Major vault protein
14,8418	13,6097	14,0946	13,5468	16,7743	16,4473	16,4559	16,0262	13,3648	12,4201	13,2454	13,3709	15,6178	15,8993	14,9947	+	KO_3G4_LTED	15	4,70915	0,000138329	3,32563	12,0805	Q15274	QPRT	Nicotinate-nucleotide pyrophosphorylase [carboxylating]
14,7475	12,4346	13,2005	11,5917	14,686	14,4825	14,16	14,3907	12,7903	11,4887	12,1714	12,2731	14,8106	15,0097	13,5856	+	KO_3G4_LTED	15	3,62549	0,000248062	2,24892	7,78335	Q460N5	PARP14	Protein mono-ADP-ribosyltransferase PARP14
13,4848	13,3425	13,0438	11,2677	17,0732	16,5792	16,5309	16,5163	13,5824	13,5865	14,0007	13,5367	12,9337	13,0416	12,4956	+	KO_3G4_LTED	15	5,64007	0	2,99831	17,4252	Q5SXH7	PLEKHS1	Pleckstrin homology domain-containing family S member 1
15,1868	13,7654	14,4146	12,7056	15,5323	15,3677	15,4918	15,3811	12,3694	12,2649	12,4205	11,7696	13,1569	14,1762	13,7134	+	KO_3G4_LTED	15	6,11333	0	3,23713	20,9504	Q5T0I0	GSN	Gelsolin (Fragment)
11,4092	11,4769	11,3014	11,7728	12,0561	11,9921	11,8672	11,897	10,0594	NaN	10,0747	9,31896	12,7637	12,7271	12,2749	+	KO_3G4_LTED	14	3,75384	0,000274847	2,1354	9,93634	Q6P4A8	PLBD1	Phospholipase B-like 1
19,1829	19,0625	19,074	19,2042	20,1236	20,2756	20,3366	20,1354	18,0874	18,1567	18,1394	18,0991	14,7461	14,1694	14,3764	+	KO_3G4_LTED	15	7,66193	0	2,09717	38,1144	Q6XQN6	NAPRT	Nicotinate phosphoribosyltransferase
16,6029	15,538	15,7799	15,9748	16,6781	16,5683	16,6247	16,5914	15,0098	14,1717	14,3026	13,8606	14,9012	14,7561	14,3559	+	KO_3G4_LTED	15	4,06841	0,000169811	2,27941	9,33901	Q7L5L3	GDPD3	Lysophospholipase D GDPD3
13,3497	14,1313	13,7085	14,2848	14,9108	15,1206	15,2727	14,8913	13,1303	11,7812	11,7823	11,6892	12,7294	12,8493	12,9663	+	KO_3G4_LTED	15	3,77031	0,000277916	2,95312	8,26528	Q7L5N7	LPCAT2	Lysophosphatidylcholine acyltransferase 2
11,6017	12,0566	11,5282	10,8729	10,8484	9,91124	NaN	10,4719	13,189	12,628	12,3823	12,1122	13,2827	13,5294	13,2346	+	KO_3G4_LTED	14	2,77156	0,00179541	-2,16737	-6,11767	Q7Z2K8	GPRIN1	G protein-regulated inducer of neurite outgrowth 1
15,3409	12,7078	13,7624	11,553	14,5679	14,1445	13,8868	13,9204	11,8145	11,0342	11,5089	12,9231	14,3071	14,0937	11,9908	+	KO_3G4_LTED	15	2,76339	0,00178325	2,30972	5,36234	Q8IXQ6	PARP9	Protein mono-ADP-ribosyltransferase PARP9
12,4379	11,7009	11,4501	13,3321	12,5293	12,4976	13,4303	12,7737	10,4519	9,65752	10,1174	NaN	10,3086	11,3721	11,1728	+	KO_3G4_LTED	14	3,43691	0,000764088	2,73213	8,52398	Q8N271	PROM2	Prominin-2
14,1602	14,0689	13,5722	13,9877	12,053	11,9493	10,8	11,7747	13,8771	14,7128	15,1795	14,1477	12,2839	13,2854	11,3102	+	KO_3G4_LTED	15	3,35002	0,000783394	-2,83501	-6,93151	Q8TAP8	PPP1R35	Protein phosphatase 1 regulatory subunit 35
14,2704	12,126	12,5932	11,5563	13,9393	13,7575	13,5273	13,4949	11,0614	10,8141	11,446	11,1282	13,7866	13,7716	12,2162	+	KO_3G4_LTED	15	5,32257	0	2,56734	15,3895	Q8TDB6	DTX3L	E3 ubiquitin-protein ligase DTX3L
17,3111	17,4899	17,3778	16,9823	16,6113	16,6526	16,5905	16,7409	18,9244	18,8692	18,6462	18,618	15,7106	15,6601	15,5859	+	KO_3G4_LTED	15	6,57922	0	-2,11562	-25,0969	Q8TDJ6	DMXL2	DmX-like protein 2
13,2488	12,949	12,1312	13,1974	14,7953	14,9545	14,7606	14,9487	13,4851	11,657	13,3605	11,4281	10,3527	11,4374	12,0646	+	KO_3G4_LTED	15	2,31629	0,00412325	2,38212	4,34908	Q8TE85	GRHL3	Grainyhead-like protein 3 homolog
10,9634	10,6621	11,1824	7,68766	10,1691	10,9761	10,1964	10,7851	13,2094	13,5737	13,4914	13,1469	15,2354	15,5305	14,8924	+	KO_3G4_LTED	15	4,74637	0,000144144	-2,82369	-12,2604	Q8WY54	PPM1E	Protein phosphatase 1E
14,7085	14,4207	14,55	14,1101	15,7615	15,7559	15,6335	15,4583	13,6577	13,1504	13,7554	13,5841	13,3641	12,9782	13,7833	+	KO_3G4_LTED	15	5,07906	0	2,11534	13,9846	Q96BW5	PTER	Phosphotriesterase-related protein
13,5971	13,3039	12,693	6,96264	15,4563	15,0868	15,0948	14,9273	13,6003	13,0589	13,0858	12,5537	12,1585	13,6517	12,3696	+	KO_3G4_LTED	15	3,85749	0,000224	2,0666	8,56752	Q96CV9	OPTN	Optineurin
14,1066	13,0503	13,1735	11,6266	15,1129	14,975	15,2208	14,9755	12,7049	12,2707	12,7535	12,4688	13,1611	13,1023	13,1192	+	KO_3G4_LTED	15	5,98207	0	2,52161	19,9085	Q96EM0	L3HYPDH	Trans-3-hydroxy-L-proline dehydratase
11,1675	10,7719	11,352	NaN	10,1804	10,7197	9,86686	10,8664	13,2145	13,2291	12,9309	13,0748	10,4526	9,82326	10,7846	+	KO_3G4_LTED	14	4,50006	0,000114286	-2,70401	-11,1142	Q96GN5	CDCA7L	Cell division cycle-associated 7-like protein
13,7043	13,7371	13,6056	13,3118	13,4336	13,0818	13,0807	13,4106	10,9154	10,9049	10,9513	11,1673	11,5624	11,2938	11,195	+	KO_3G4_LTED	15	5,92994	0	2,26694	19,509	Q96S94	CCNL2	Cyclin-L2
13,411	13,6861	13,1641	11,4425	12,5121	12,7539	13,6068	12,5305	15,1906	15,0992	14,9761	15,0611	12,6139	11,6635	13,0497	+	KO_3G4_LTED	15	3,84517	0,000219895	-2,23092	-8,52425	Q9BPU6	DPYSL5	Dihydropyrimidinase-related protein 5
11,9834	11,4123	11,5217	10,5662	12,7559	12,7679	12,5545	12,66	10,5901	9,76774	10,3117	10,6107	11,9118	11,3308	11,3067	+	KO_3G4_LTED	15	4,62376	0,000126649	2,3645	11,6768	Q9BSW2	CRACR2A	EF-hand calcium-binding domain-containing protein 4B
NaN	10,0825	10,061	11,8007	11,98	12,4873	12,3359	12,2911	15,3821	15,0647	15,0774	15,2491	13,2669	12,5344	14,0333	+	KO_3G4_LTED	14	6,28002	0	-2,91972	-22,3504	Q9H1K4	SLC25A18	Mitochondrial glutamate carrier 2
15,8107	14,9349	14,939	15,013	17,5553	17,5976	17,9293	17,5505	13,3806	13,653	14,3316	13,6239	12,0046	11,7345	12,1311	+	KO_3G4_LTED	15	5,65087	0	3,91091	17,4988	Q9HCJ6	VAT1L	Synaptic vesicle membrane protein VAT-1 homolog-like
NaN	9,40565	10,1941	10,4048	11,2009	12,0685	12,4722	11,8929	10,9308	8,72197	10,1946	9,11645	12,9172	13,0046	12,4098	+	KO_3G4_LTED	14	2,05	0,00666667	2,16769	3,80529	Q9HCY8	S100A14	Protein S100-A14
14,9983	13,4995	14,0241	13,5244	14,8555	14,3802	14,3476	14,4628	12,0065	12,0019	11,8376	11,9559	13,0599	12,6407	12,0336	+	KO_3G4_LTED	15	6,08468	0	2,56102	20,7186	Q9NUL5	SHFL	Shiftless antiviral inhibitor of ribosomal frameshifting protein
14,71	14,6618	14,5943	14,5729	15,2994	15,3514	15,325	15,2609	12,8722	12,9262	13,3859	12,9358	13,7106	14,0356	13,6718	+	KO_3G4_LTED	15	5,84007	0	2,27915	18,8383	Q9NZC7	WWOX	WW domain-containing oxidoreductase
17,3817	16,2144	16,4573	16,3164	18,0935	18,0172	18,154	17,9834	15,6944	15,4274	15,7572	15,4136	15,3344	15,233	15,3883	+	KO_3G4_LTED	15	6,63675	0	2,48889	25,6617	Q9NZJ9	NUDT4	Diphosphoinositol polyphosphate phosphohydrolase 2
12,461	12,8989	13,2098	11,0322	12,3143	12,8255	12,1417	12,3278	15,049	14,9245	14,7768	14,9487	10,5653	11,7243	11,3549	+	KO_3G4_LTED	15	5,42191	0	-2,52244	-16,0005	Q9P2C4	TMEM181	Transmembrane protein 181
8,72266	10,7477	10,7201	NaN	NaN	9,48292	10,4007	11,0657	13,1148	12,6469	11,9091	12,5111	11,6531	11,9977	12,2288	+	KO_3G4_LTED	13	2,23753	0,00465749	-2,229	-4,61006	Q9UBC3	DNMT3B	DNA (cytosine-5)-methyltransferase 3B
12,572	13,4128	12,7943	13,0792	14,4847	14,6906	14,8915	14,4562	11,4066	11,4475	11,894	11,3926	13,2052	13,4872	13,1602	+	KO_3G4_LTED	15	5,95324	0	3,09558	19,6866	Q9UBG0	MRC2	C-type mannose receptor 2
13,0339	12,2825	12,3059	10,8242	14,7856	14,2978	14,5034	14,7295	12,0587	11,9213	12,3628	11,7088	12,5978	13,2386	13,1793	+	KO_3G4_LTED	15	5,17207	0	2,56618	14,5061	Q9UHG0	DCDC2	Doublecortin domain-containing protein 2
13,0866	13,2059	12,6101	13,3912	NaN	11,6818	10,8454	10,7499	13,0641	13,9046	12,3802	13,2749	13,1586	11,9249	12,6619	+	KO_3G4_LTED	14	2,24121	0,00461059	-2,06359	-4,61942	Q9UKA9	PTBP2	Polypyrimidine tract-binding protein 2
15,269	15,4763	15,3486	15,5534	13,5342	13,735	13,5396	13,7491	15,707	15,9237	15,6475	15,6761	16,0251	15,7306	16,1153	+	KO_3G4_LTED	15	6,49388	0	-2,0991	-24,2814	Q9Y281	CFL2	Cofilin-2
17,6353	15,593	16,114	15,1149	17,1056	16,8199	16,4748	16,8901	14,5355	14,097	14,2769	14,2892	17,0013	16,9649	15,4484	+	KO_3G4_LTED	15	5,40222	0	2,52294	15,8776	Q9Y6K5	OAS3	2'-5'-oligoadenylate synthase 3
16,6277	14,647	14,956	13,8995	19,473	18,9789	18,9572	18,8366	15,2771	14,9209	15,8932	15,0543	17,4339	17,1695	16,8954	+	KO_3G4_LTED	15	5,20265	0	3,77503	14,6816	Q9Y6U3	SCIN	Adseverin
